0 0.897281 0.460250 0.070922 0.064389
0 0.322051 0.417250 0.041477 0.034167
0 0.251699 0.551090 0.041086 0.049458
0 0.292254 0.506646 0.039008 0.062097
0 0.328020 0.541375 0.038570 0.062972
0 0.508844 0.566375 0.054641 0.063167
0 0.301063 0.596229 0.042797 0.074347
0 0.544289 0.733528 0.073797 0.110306
0 0.748547 0.577972 0.070609 0.064361
0 0.737738 0.492535 0.051555 0.051847
0 0.213406 0.404514 0.022109 0.019417
0 0.264777 0.410569 0.021023 0.023056
0 0.260820 0.459889 0.032906 0.042722
0 0.263836 0.486292 0.032203 0.037833
0 0.289879 0.439993 0.037805 0.040319
0 0.398414 0.418208 0.038500 0.035833
0 0.372164 0.478167 0.038781 0.038083
0 0.431422 0.510188 0.046844 0.063236
0 0.293238 0.778486 0.072430 0.150000
0 0.435422 0.569556 0.026156 0.059361
0 0.387223 0.634306 0.077258 0.190000
0 0.734332 0.804972 0.114680 0.169806
0 0.919645 0.550236 0.070508 0.044611
0 0.912969 0.593194 0.084219 0.061944
0 0.333816 0.486021 0.042555 0.046042
