0 0.458707 0.949444 0.122258 0.095083
0 0.306484 0.466451 0.039500 0.043792
0 0.274719 0.487500 0.034344 0.046472
0 0.238559 0.532618 0.034539 0.045792
0 0.377664 0.619868 0.055172 0.097625
0 0.478180 0.613917 0.063094 0.086722
0 0.768801 0.568944 0.067367 0.067306
0 0.814422 0.519597 0.059906 0.057917
0 0.772852 0.652861 0.078312 0.090583
0 0.635223 0.557438 0.058961 0.051931
0 0.275813 0.707993 0.062688 0.101264
0 0.271941 0.832722 0.080508 0.161889
0 0.608117 0.889674 0.110719 0.182292
0 0.965617 0.707667 0.064375 0.065278
0 0.762918 0.409319 0.037430 0.050444
0 0.326355 0.416861 0.034852 0.035861
0 0.497332 0.481389 0.042758 0.038750
0 0.686523 0.742688 0.090188 0.116347
0 0.594125 0.464708 0.033531 0.035333
0 0.265266 0.408882 0.024391 0.021681
0 0.427102 0.435618 0.037812 0.036319
0 0.397145 0.447361 0.034742 0.029333
0 0.556906 0.468403 0.054938 0.057361
