0 0.659371 0.514181 0.059820 0.047861
0 0.502387 0.554028 0.049195 0.056472
0 0.267316 0.539250 0.040164 0.069194
0 0.620637 0.550562 0.052273 0.055542
0 0.866848 0.720812 0.096039 0.097514
0 0.197684 0.440431 0.020227 0.024000
0 0.453199 0.958562 0.116898 0.082875
0 0.357750 0.421444 0.024875 0.021222
0 0.560852 0.510090 0.048672 0.048569
0 0.207801 0.485486 0.030180 0.053194
0 0.733914 0.623896 0.071109 0.069458
0 0.745027 0.559569 0.055695 0.054778
0 0.774516 0.535549 0.052219 0.047514
0 0.394461 0.691528 0.062672 0.093444
0 0.242109 0.466326 0.037187 0.049708
0 0.289469 0.501903 0.037484 0.041806
0 0.347859 0.432535 0.033812 0.032792
0 0.438937 0.443701 0.033516 0.037653
0 0.506465 0.441479 0.115508 0.134792
0 0.428578 0.503535 0.042656 0.048625
0 0.368230 0.512451 0.044914 0.055764
0 0.218289 0.401389 0.029547 0.025639
0 0.222418 0.427271 0.031930 0.027625
