0 0.339484 0.421521 0.030328 0.026208
0 0.254508 0.400986 0.025203 0.025639
0 0.268164 0.416000 0.018828 0.017222
0 0.227109 0.407875 0.021250 0.020417
0 0.661414 0.468882 0.046625 0.041319
0 0.516133 0.432861 0.043719 0.034028
0 0.990824 0.642319 0.018023 0.057972
0 0.438078 0.582187 0.048578 0.062819
0 0.623305 0.679708 0.078016 0.101861
0 0.292566 0.503799 0.040148 0.049764
0 0.552844 0.472118 0.052297 0.055625
0 0.262273 0.898542 0.121719 0.191667
0 0.842543 0.615944 0.072773 0.069472
0 0.616543 0.497646 0.051570 0.059653
0 0.285625 0.625569 0.053938 0.103528
0 0.736105 0.518403 0.052773 0.050639
0 0.700043 0.537701 0.057023 0.058625
0 0.476270 0.632667 0.059898 0.081889
0 0.464836 0.451736 0.034828 0.034944
0 0.403078 0.446625 0.032422 0.033278
0 0.369031 0.439465 0.025203 0.029014
0 0.328500 0.538806 0.042844 0.064278
0 0.296813 0.406646 0.029703 0.023986
0 0.175289 0.377340 0.062719 0.067208
0 0.237379 0.437757 0.034664 0.033986
0 0.274883 0.462528 0.035484 0.034556
0 0.324293 0.445681 0.040008 0.047528
0 0.385531 0.483125 0.038719 0.037722
0 0.379141 0.513299 0.044422 0.059875
0 0.461883 0.521813 0.051391 0.062458
0 0.543906 0.583778 0.056906 0.078000
0 0.778332 0.647771 0.087617 0.107486
0 0.231969 0.471451 0.036281 0.030764
