0 0.597777 0.642736 0.067555 0.084778
0 0.345531 0.493153 0.040891 0.042056
0 0.296691 0.465451 0.042992 0.047958
0 0.341816 0.411438 0.026961 0.020931
0 0.423809 0.421687 0.037070 0.034153
0 0.507133 0.464465 0.040359 0.037986
0 0.874926 0.697778 0.079148 0.081972
0 0.273965 0.839493 0.085648 0.135764
0 0.853082 0.942514 0.107055 0.108250
0 0.434148 0.898688 0.103922 0.202625
0 0.985582 0.636264 0.028383 0.087583
0 0.830715 0.612056 0.071617 0.062139
0 0.569219 0.449944 0.037437 0.035778
0 0.334781 0.427806 0.027781 0.025222
0 0.561141 0.492160 0.041719 0.036931
0 0.639145 0.561507 0.038602 0.050625
0 0.307414 0.529340 0.047016 0.072653
0 0.239656 0.521167 0.040266 0.063167
0 0.382117 0.624201 0.050766 0.077236
0 0.668086 0.521965 0.043828 0.044931
0 0.188246 0.397465 0.025086 0.025847
0 0.253129 0.405042 0.029227 0.031167
