0 0.361984 0.412410 0.025766 0.022403
0 0.342730 0.431951 0.027867 0.020653
0 0.388586 0.430333 0.029969 0.032361
0 0.506762 0.427569 0.101273 0.080583
0 0.650680 0.444938 0.121922 0.080431
0 0.965828 0.606139 0.068344 0.071000
0 0.277242 0.491986 0.041906 0.045056
0 0.372344 0.509604 0.043906 0.050847
0 0.627594 0.873715 0.117828 0.173486
0 0.565293 0.478840 0.051898 0.052153
0 0.682031 0.497563 0.052500 0.052875
0 0.800590 0.506889 0.063258 0.047667
0 0.778430 0.655236 0.084578 0.071583
0 0.332496 0.536979 0.043039 0.062375
0 0.301055 0.650069 0.051656 0.093056
0 0.257039 0.948653 0.094437 0.102694
0 0.469074 0.970236 0.107477 0.059528
0 0.424316 0.566549 0.052336 0.080403
0 0.821996 0.559021 0.068773 0.055764
0 0.709703 0.551840 0.060687 0.062014
0 0.572828 0.521743 0.045188 0.044875
0 0.258871 0.555236 0.041852 0.080472
0 0.321645 0.480861 0.040461 0.035833
0 0.248371 0.400201 0.027836 0.023875
0 0.282496 0.402889 0.026383 0.020222
0 0.300465 0.420958 0.024086 0.021944
