0 0.406961 0.435757 0.034609 0.028903
0 0.528711 0.726479 0.068359 0.103097
0 0.718422 0.604090 0.064609 0.080347
0 0.850078 0.562396 0.061766 0.079153
0 0.785410 0.561993 0.099039 0.095264
0 0.276934 0.604681 0.046836 0.076667
0 0.456922 0.587201 0.055906 0.070347
0 0.591023 0.523118 0.037328 0.045514
0 0.386320 0.626479 0.060344 0.094069
0 0.482926 0.471910 0.041492 0.029542
0 0.575605 0.480167 0.052039 0.051056
0 0.613719 0.476444 0.036594 0.034639
0 0.306184 0.413299 0.020102 0.019597
0 0.482750 0.459958 0.040453 0.051111
0 0.775652 0.421194 0.047258 0.040417
0 0.455027 0.519090 0.048898 0.060792
0 0.815113 0.933174 0.150352 0.133653
0 0.212035 0.400639 0.027211 0.019056
0 0.249055 0.397410 0.024734 0.020819
0 0.374441 0.441014 0.035852 0.028472
0 0.267094 0.482486 0.043047 0.051028
0 0.344582 0.491910 0.044367 0.053375
0 0.258484 0.552549 0.039078 0.059264
0 0.432211 0.938479 0.135984 0.123042
