0 0.200750 0.398375 0.023437 0.025000
0 0.722699 0.548438 0.064523 0.070153
0 0.595125 0.528715 0.048922 0.060597
0 0.839027 0.618604 0.091758 0.080875
0 0.499820 0.556868 0.065250 0.073042
0 0.532348 0.674667 0.070008 0.105194
0 0.491508 0.462472 0.038531 0.040222
0 0.447813 0.457743 0.046500 0.048264
0 0.440617 0.581764 0.052109 0.067083
0 0.626527 0.501958 0.052102 0.048361
0 0.351035 0.467875 0.044023 0.061306
0 0.286172 0.599236 0.072187 0.165417
0 0.340730 0.544486 0.040086 0.060750
0 0.248711 0.514424 0.043453 0.066208
0 0.254832 0.458215 0.030430 0.034403
0 0.245531 0.430729 0.038672 0.034181
0 0.833863 0.552597 0.079367 0.068528
0 0.970457 0.716590 0.059086 0.080375
0 0.431168 0.423889 0.032273 0.028694
0 0.325996 0.421882 0.029602 0.027819
0 0.363988 0.435667 0.035711 0.032944
0 0.383965 0.427201 0.018883 0.018319
0 0.515719 0.441361 0.044109 0.042806
0 0.287469 0.405583 0.024531 0.023889
