0 0.597602 0.826569 0.094047 0.139778
0 0.766156 0.642278 0.077375 0.085111
0 0.920125 0.651618 0.100234 0.102764
0 0.628617 0.510549 0.052250 0.047597
0 0.650879 0.573160 0.051320 0.038792
0 0.467348 0.438743 0.040352 0.050375
0 0.249246 0.448215 0.030773 0.032514
0 0.257957 0.481507 0.036586 0.042319
0 0.375539 0.521764 0.041812 0.050583
0 0.333152 0.483056 0.042383 0.045417
0 0.381785 0.479132 0.042680 0.036653
0 0.297207 0.418951 0.030289 0.026208
0 0.261648 0.416368 0.021062 0.017569
0 0.217422 0.407146 0.020406 0.015847
0 0.238078 0.404271 0.020578 0.016986
0 0.188020 0.393757 0.016039 0.013819
0 0.549094 0.463764 0.032062 0.030861
0 0.663453 0.967347 0.108359 0.065306
0 0.531621 0.585660 0.053711 0.068125
0 0.308668 0.521285 0.039961 0.057486
0 0.544996 0.502125 0.044727 0.050056
0 0.657918 0.699174 0.088586 0.113542
0 0.401004 0.677424 0.060992 0.114903
0 0.443539 0.502944 0.049437 0.066778
0 0.352504 0.413264 0.024742 0.037472
0 0.369398 0.590931 0.046719 0.070194
0 0.417527 0.434465 0.038227 0.035903
0 0.496730 0.628722 0.063727 0.102194
0 0.885297 0.931986 0.171750 0.136028
0 0.701953 0.504465 0.055469 0.056625
