0 0.229805 0.453562 0.039734 0.039653
0 0.340656 0.542938 0.051359 0.061986
0 0.284801 0.690958 0.060633 0.132806
0 0.409402 0.675194 0.059086 0.113833
0 0.673547 0.961431 0.116031 0.077139
0 0.421742 0.548660 0.054359 0.060986
0 0.493438 0.553493 0.051547 0.054653
0 0.444645 0.465035 0.037945 0.035597
0 0.458578 0.448229 0.027438 0.033847
0 0.488469 0.436271 0.032344 0.045319
0 0.236176 0.521368 0.036367 0.055319
0 0.264395 0.486882 0.038789 0.040319
0 0.700340 0.598917 0.066695 0.071306
0 0.239270 0.407576 0.036180 0.029653
0 0.263547 0.397965 0.026016 0.021292
0 0.210363 0.404847 0.019602 0.023444
0 0.267227 0.587076 0.047422 0.076542
0 0.521508 0.653722 0.071312 0.110250
0 0.850840 0.694007 0.089523 0.083181
0 0.313867 0.415049 0.029781 0.041597
0 0.366016 0.424792 0.040141 0.047306
0 0.246949 0.907264 0.098727 0.153556
0 0.877773 0.645674 0.082687 0.071264
0 0.576258 0.483083 0.050875 0.052889
0 0.774734 0.870417 0.118641 0.148306
0 0.456187 0.604014 0.051344 0.077194
0 0.715336 0.513646 0.055375 0.059792
