0 0.621703 0.456326 0.046375 0.035986
0 0.971809 0.717937 0.056383 0.093208
0 0.432727 0.949299 0.125016 0.101403
0 0.273465 0.408639 0.024492 0.024222
0 0.304926 0.403903 0.027789 0.021194
0 0.314238 0.476340 0.040898 0.040736
0 0.634258 0.478743 0.046844 0.039181
0 0.825617 0.553174 0.072453 0.071042
0 0.765852 0.602361 0.068687 0.075500
0 0.559059 0.775174 0.082117 0.124764
0 0.835090 0.689382 0.090305 0.084542
0 0.485961 0.466681 0.033984 0.043111
0 0.555629 0.460847 0.035242 0.038972
0 0.282715 0.652715 0.056102 0.099875
0 0.502848 0.649896 0.069930 0.107847
0 0.245195 0.468882 0.037844 0.045958
0 0.352063 0.438153 0.024984 0.019639
0 0.396699 0.429840 0.020930 0.020986
0 0.474445 0.467375 0.056922 0.043306
0 0.614074 0.504708 0.049148 0.048667
0 0.323047 0.421764 0.029578 0.027472
0 0.263004 0.546937 0.042914 0.061764
0 0.383422 0.487326 0.041062 0.041042
0 0.323359 0.526826 0.047531 0.068931
