0 0.674891 0.965049 0.104750 0.069903
0 0.936516 0.692208 0.085641 0.076556
0 0.282738 0.782111 0.078508 0.169556
0 0.663152 0.476292 0.043758 0.030861
0 0.872660 0.962910 0.112586 0.074181
0 0.979398 0.580125 0.041125 0.071694
0 0.285000 0.633118 0.043922 0.068403
0 0.329699 0.546403 0.043148 0.056667
0 0.275781 0.590104 0.040359 0.058847
0 0.237312 0.524292 0.036000 0.050056
0 0.202035 0.477326 0.035711 0.049042
0 0.240199 0.466222 0.035383 0.039222
0 0.341832 0.494875 0.040070 0.048000
0 0.345754 0.468035 0.036289 0.033542
0 0.545605 0.583674 0.069180 0.098736
0 0.497980 0.485153 0.048430 0.045944
0 0.536625 0.435639 0.039391 0.035250
0 0.447172 0.465972 0.037141 0.038806
0 0.474273 0.421590 0.046672 0.034792
0 0.391340 0.443000 0.031867 0.034806
0 0.381582 0.427097 0.030008 0.027667
0 0.372125 0.415236 0.032047 0.027333
0 0.313832 0.419569 0.029055 0.026000
0 0.263625 0.447479 0.038500 0.039819
0 0.263809 0.411611 0.023008 0.025167
0 0.236457 0.402167 0.027086 0.029194
0 0.213449 0.437250 0.034992 0.032833
0 0.811191 0.676153 0.085023 0.082917
0 0.682719 0.721694 0.086203 0.128083
0 0.522504 0.693181 0.066523 0.116250
0 0.676910 0.580743 0.062211 0.066819
0 0.929129 0.608486 0.083602 0.075306
0 0.397578 0.657521 0.069687 0.137236
0 0.596523 0.529813 0.038641 0.048931
0 0.610254 0.474090 0.050336 0.051625
0 0.447281 0.573403 0.053781 0.065833
